110
149
198
269
439
515
526
679
754
775
846
1015
1132
1294
1298
1371
1444
1567
1602
1628
1657
1855
1961
2018
2132
2227
2310
2404
2482
2545
2626
2637
2790
2803
2820
3181
3235
3399
3421
3562
3623
3637
3696
3770
3815
3839
3919
4100
4339
4388
4408
4539
4600
4807
4819
4885
4918
5215
5268
5376
5508
5550
5578
5686
5716
6068
6207
6249
6265
6293
6340
6363
6434
6616
6736
7000
7147
7555
7707
7786
7854
7950
7992
8413
8428
8441
8541
8613
8623
8933
8941
9111
9198
9223
9341
9608
9632
9833
9895
9905
10012
10129
10200
10251
10326
10585
10604
10635
10830
11046
11076
11222
11348
11578
11732
11848
11914
12040
12058
12082
12173
12194
12265
12312
12440
12449
12479
12493
12496
12543
12738
12757
12959
13068
13300
13318
13697
14029
14042
14252
14414
14437
14583
14852
14886
14952
15105
15269
15469
15485
15583
15664
15756
15843
15874
15939
16002
16032
16238
16580
16799
16959
17027
17224
17317
17336
17375
17380
17394
17395
17454
17749
17898
17959
17997
18100
18140
18505
18541
18749
18820
18838
18862
19015
19050
19174
19192
19205
19324
19420
19472
19736
19864
20065
20108
20321
20377
20391
20572
21293
21379
21514
21623
22128
22164
22177
22212
22232
22442
22543
22602
22727
22750
22854
23046
23104
23226
23332
23429
23934
23946
23995
24152
24173
24424
24622
24839
25409
25478
25612
25800
25823
25836
26255
26327
26425
26478
26519
26601
26623
26640
26745
26855
26880
26999
27083
27111
27501
27633
27718
27728
27771
27858
27903
28056
28194
28792
28891
29065
29203
29215
29342
29525
29567
29801
29857
29928
30615
30622
30717
30726
30790
30844
31245
31454
31488
31604
31696
31752
31897
31965
32292
32352
32425
32542
32563
32734
32761
32769
32813
32914
32948
33090
33390
33404
33606
33741
33962
34003
34036
34580
34792
34854
34972
35079
35582
35760
35797
35839
35913
35968
36028
36107
36126
36134
36200
36242
36319
36334
36346
36487
36513
36531
36963
37079
37086
37256
37410
37528
37616
37817
37829
37879
37931
37995
38105
38154
38356
38463
38515
38561
38602
39061
39317
39525
39559
39776
39820
39863
39948
40088
40145
40206
40265
40372
40534
40643
40716
40979
41195
41239
41347
41466
41862
42035
42044
42090
42169
42406
42680
42795
42815
42972
42999
43182
43196
43393
43419
43648
43701
43926
43976
44022
44322
44535
44559
44679
44910
44928
44966
45183
45214
45403
45413
45450
45783
45845
45923
45971
46081
46211
46316
46344
46353
46462
46542
46643
46678
46728
46743
46801
46814
46849
46858
46861
46963
46982
47042
47253
47339
47476
47527
47716
47943
48040
48052
48192
48475
48738
49165
49178
49256
49352
49361
49576
49620
49703
49867
50075
50135
50212
50511
50660
50803
50930
50964
51195
51227
51549
51550
51609
51740
51807
51828
51835
51881
51931
51936
52062
52268
52425
52569
52588
52732
52869
53261
53312
53861
53928
53980
54037
54209
54325
54404
54408
54561
54636
54675
54995
55091
55196
55267
55568
55615
55677
55820
55829
56013
56095
56126
56160
56204
56247
56275
56325
56621
56650
56703
56754
56785
56819
56834
56851
56989
57046
57048
57156
57198
57346
57405
57458
57505
57539
57735
58053
58253
58276
58374
58650
58689
58915
58974
58989
59036
59064
59106
59145
59462
59502
59510
59594
59716
60048
60066
60318
60648
60806
60920
61343
61403
61634
61639
61681
61721
62024
62055
62176
62184
62203
62682
62793
63248
63316
63560
63664
63710
63713
63792
64117
64143
64182
64249
64265
64301
64594
64612
64627
64745
64951
65018
65362
65431
65464
65484
65538
65846
65920
66046
66249
66255
66268
66411
66441
66505
66596
66672
66690
66727
66800
66822
67038
67116
67485
67650
67696
67768
67851
67935
67971
68190
68473
68569
68602
68656
68731
68793
68819
68911
69003
69134
69266
69269
69290
69345
69420
69560
69588
69604
69728
69811
69883
69948
69964
70144
70233
70249
70379
70491
70547
70846
70905
70955
71004
71039
71050
71430
71438
71822
71904
71953
72014
72434
72675
72822
72931
72972
73151
73168
73299
73354
73372
73433
73477
73490
73575
73819
74014
74160
74304
74314
74383
74464
74509
74581
74587
74685
74691
74812
74822
74889
75295
75322
75473
75487
75555
75615
75921
75998
76085
76120
76226
76347
76465
76482
76550
76572
76658
76688
76851
76896
77009
77089
77263
77314
77570
77689
77891
77929
77988
78071
78101
78252
78288
78440
78481
78568
78575
78644
78721
78838
78987
79074
79083
79184
79325
79333
79423
79540
79627
79746
79950
80002
80084
80113
80162
80241
80485
80503
80588
80755
80875
80887
80925
81148
81194
81205
81248
81256
81740
81815
81883
82007
82102
82187
82440
82450
82456
82771
83021
83044
83205
83261
83401
83449
83516
83563
83633
83642
83691
83708
83752
84300
84410
84448
84544
84685
84809
84825
84965
84982
85025
85040
85091
85129
85421
85513
85681
85774
85849
85994
86266
86272
86273
86372
86760
86863
87173
87278
87329
87372
87501
87532
87615
87762
87776
87850
87908
88122
88200
88410
88428
88458
88469
88520
88526
88650
88662
88909
88978
89193
89216
89463
89505
89580
89669
90128
90256
90528
90647
90712
90768
90781
90849
91297
91318
91386
91419
91487
91547
91628
92015
92307
92722
92731
92782
92893
92929
93037
93099
93110
93198
93223
93283
93303
93373
93502
93516
93584
93707
93843
94054
94123
94223
94568
94625
94749
94865
95231
95280
95348
95354
95380
95467
95714
95724
95740
95975
96151
96211
96454
96510
96698
96826
96854
96983
97144
97188
97334
97419
97572
97587
97684
97689
98105
98255
98296
98568
98642
98680
98736
98822
99520
99622
99632
99740
99817
99905
100053
100503
100537
100546
100567
100826
101005
101142
101313
101375
101584
101705
101747
101771
101855
101898
102123
102249
102316
102532
102769
102911
102980
102993
103092
103124
103139
103182
103251
103292
103322
103453
103512
103855
103960
104194
104408
104455
104497
104749
104835
105292
105309
105525
105539
105559
105650
105658
105692
106132
106342
106489
106500
106681
106774
106809
106918
106953
107102
107180
107344
107365
107531
107702
108046
108144
108157
108164
108293
108415
108474
108540
108684
108721
108879
109132
109163
109244
109341
109481
109522
109694
109757
109800
109854
109961
109972
110149
110188
110197
110307
110415
110462
110490
110542
110616
110763
110858
110947
111023
111025
111077
111336
111347
111354
111383
111490
111557
111763
111839
111918
112181
112506
112658
112758
112778
112812
112899
113146
113277
113309
113551
114117
114269
114315
114403
114418
114559
114595
114777
114854
114919
114932
115050
115184
115221
115240
115293
115421
115447
115528
115531
115538
115817
116005
116015
116150
116291
116540
116562
116675
116788
116971
117170
117217
117280
117379
117404
117409
117428
117491
117511
117640
117667
117745
118078
118108
118133
118219
118255
118272
118588
118806
118922
118928
119008
119041
119080
119251
119630
119689
119750
120159
120185
120252
120255
120296
120450
120500
120842
120864
121413
121553
121593
121636
121671
121705
122038
122136
122296
122361
122422
122446
122562
122575
122593
122704
122821
123036
123337
123348
123386
123441
123730
124183
124417
124615
124669
124677
124772
124795
125044
125185
125526
125584
125608
125892
125965
126005
126544
126561
126711
126824
126894
126904
126928
127049
127098
127192
127237
127366
127439
127517
127656
127785
127821
127995
128060
128064
128101
128170
128243
128271
128373
128382
128498
128511
128539
128984
129038
129046
129056
129063
129191
129284
129595
129667
129679
129695
129712
129749
129951
130080
130401
130439
130441
130618
130630
130679
130723
130775
130914
131043
131192
131202
131256
131320
131380
131448
131549
131639
131747
131758
131805
131929
132011
132098
132146
132190
132214
132288
132294
132335
132421
132480
132595
132613
132747
132832
132876
132893
132909
133045
133088
133145
133187
133485
133669
133695
133926
133968
133984
134045
134123
134352
134480
134757
134896
135053
135120
135155
135294
135376
135430
135526
135590
135621
135663
135681
135748
135783
136120
136174
136353
136619
136670
136797
136941
137020
137726
137739
137840
137902
138013
138269
138282
138339
138398
138777
138785
138820
138943
138974
139234
139293
139445
139631
139728
139770
139903
139917
140143
140224
140231
140636
140883
140942
141149
141316
141402
141459
141466
141611
141701
141712
141724
141776
141877
141943
141994
142076
142084
142234
142308
142516
142749
142820
143062
143084
143603
143732
143832
144045
144137
144194
144342
144360
144680
144920
145105
145142
145204
145217
145234
145292
145296
145372
145398
145420
145445
145603
145655
145742
145777
145878
145905
146043
146133
146257
146370
146670
146710
146842
146880
147036
147105
147216
147282
147294
147304
147392
147427
147435
147513
147652
147699
147741
147896
147957
148028
148074
148209
148389
148888
149176
149320
149337
149375
149379
149416
149699
149702
149806
149850
149925
149990
150227
150234
150256
150450
150663
151058
151644
151773
151870
151909
152068
152151
152169
152208
152212
152517
152680
152690
152845
152902
152907
152947
152955
152969
152983
153230
153372
153434
153579
153678
154087
154280
154293
154325
154354
154541
154636
154774
154823
155014
155039
155143
155232
155521
156012
156148
156156
156418
156481
156502
156659
156754
157054
157086
157098
157270
157326
157338
157366
157406
157427
157526
157563
157572
157665
157733
158029
158160
158333
158442
158670
158894
159428
159537
159538
159706
159748
159788
160025
160242
160261
160329
160380
160390
160407
160442
160622
160829
160857
160983
161417
161472
161511
161705
161905
162117
162228
162381
162404
162569
162573
162612
162692
162758
162853
162970
163043
163345
163688
163710
163838
163952
163966
164223
164450
164508
164754
164773
164810
164966
165104
165187
165441
165525
165572
165602
165724
165745
165776
165837
165853
165893
165901
166057
166225
166273
166352
166518
166732
166754
166892
166927
167088
167120
167447
167589
167667
167782
167865
167939
168246
168261
168368
168466
168560
168658
168733
168765
168790
168950
169144
169189
169580
169766
170003
170050
170115
170252
170484
170504
170659
170663
170866
171008
171048
171060
171155
171178
171182
171240
171608
171616
171821
171852
172019
172050
172176
172200
172369
172482
172501
172557
172579
172783
172842
172964
173101
173165
173381
173539
173553
173681
173694
173758
173910
173947
174007
174143
174259
174296
174311
174340
174350
174516
174542
174570
174640
174829
174892
174949
174997
175132
175210
175368
175411
175516
175536
175809
175842
176064
176212
176269
176403
176482
176606
176631
176649
176847
176883
176966
177095
177234
177353
177506
177521
177608
177907
178229
178398
178651
178696
178784
178954
179069
179205
179314
179348
179622
179707
179902
179984
180212
180266
180356
180525
180664
180825
181080
181357
181362
181481
181649
181803
181833
181949
182099
182226
182289
182378
182495
182506
182780
182827
182896
183015
183137
183149
183165
183184
183261
183584
183755
183786
183807
183853
183872
183892
184034
184272
184329
184362
184373
184414
184669
184705
185087
185141
185480
185607
185837
185894
185905
185930
185974
186113
186253
186467
186507
186730
186941
187026
187154
187246
187493
187515
187720
187758
187774
187782
187885
187941
187950
188115
188321
188355
188479
188499
188602
188639
188838
188844
188928
189350
189368
189491
189500
189549
189585
189669
189780
189824
189935
189984
190052
190081
190156
190440
190732
190818
190937
191139
191150
191158
191365
191508
191943
192041
192160
192547
192557
192635
192720
192804
193027
193058
193170
193518
193572
193580
193774
193786
194013
194495
194503
194528
194572
194778
194835
194911
195020
195516
195933
195972
196081
196278
196284
196554
196681
196808
196875
196905
196982
197013
197159
197231
197247
197468
197628
197640
197675
197757
197920
198284
198339
198673
198788
198820
198879
198977
198993
199111
199244
199253
199280
199770
199826
199879
200061
200172
200185
200223
200320
200464
200537
200586
200649
200708
200843
200877
201076
201334
201426
201451
201471
201820
201844
202155
202217
202385
202564
202683
202751
202788
203044
203092
203117
203318
203506
203607
203652
203733
203924
203966
203986
204005
204026
204032
204193
204467
204766
204890
204933
204976
205549
205626
205684
205722
205794
206080
206111
206140
206202
206239
206361
206440
206457
206509
206530
206546
206556
206557
206751
206809
207061
207294
207347
207402
207676
207720
207793
207944
208087
208114
208160
208226
208335
208442
208475
208617
208650
208767
208769
208778
208799
208867
208887
209002
209019
209165
209190
209340
209437
209541
209623
209818
209876
210017
210122
210168
210211
210299
210316
210343
210385
210455
210486
210576
210641
210770
210979
211240
211267
211433
211443
211481
211685
211738
211796
211805
211874
211904
211984
212203
212435
212599
212611
212682
213017
213027
213033
213138
213371
213558
213708
213767
213801
214146
214151
214188
214434
214440
214630
214641
214698
214752
214808
214847
214867
215064
215284
215326
215345
215367
215495
215510
215549
215649
215761
215767
215995
216131
216281
216314
216348
216407
216610
216651
216854
216860
217049
217140
217273
217296
217342
217560
217654
217788
218010
218027
218279
218369
218425
218489
218834
218841
218912
219006
219166
219358
219364
219596
219783
219853
219876
219888
219900
220064
220118
220203
220283
220452
220813
221037
221149
221647
221764
221789
221842
221892
221990
222205
222367
222442
222453
222460
222555
222794
222859
222962
223138
223220
223577
223830
223847
223945
224276
224356
224387
224542
224628
224650
224832
224889
225000
225001
225029
225032
225119
225189
225197
225236
225537
225578
225618
225841
225898
226001
226142
226315
226397
226484
226563
226654
226666
226792
227279
227311
227417
227642
227846
227887
227931
228096
228234
228250
228286
228364
228480
228574
228619
228840
228960
229170
229235
229490
229638
229786
229939
229966
229984
230047
230119
230232
230298
230306
230345
230368
230394
230436
230461
230562
230669
230833
230907
231043
231291
231379
231473
231530
231565
231786
231836
232139
232175
232183
232213
232228
232237
232353
232497
232500
232772
233104
233159
233478
233606
233909
234250
234342
234361
234662
234703
234838
235134
235158
235209
235248
235746
235762
235964
236016
236093
236153
236249
236581
236924
236968
236991
237013
237460
237516
237543
237650
237710
237724
237802
237946
238004
238038
238203
238240
238384
238477
238509
238639
238951
239020
239053
239176
239190
239392
239417
239604
239637
239649
239682
239684
239731
239879
239906
239916
240186
240328
240340
240386
240432
240445
240582
240614
240717
240915
241067
241091
241307
241477
241520
241824
241944
241948
242176
242296
242381
242532
242574
242684
242839
242892
242988
243099
243226
243358
243601
243617
243752
243815
243826
243845
243857
243991
244125
244319
244356
244614
244639
244646
244661
244721
244793
244897
244920
244986
245039
245078
245080
245125
245165
245258
245362
245484
245517
245659
245719
245800
246120
246388
246502
246626
246636
246639
246781
246849
246945
246950
246996
247058
247090
247222
247294
247326
247379
247411
247440
247501
247582
247593
247767
247906
247922
248030
248255
248316
248482
248722
248739
248763
248798
248836
248919
248950
248979
249130
249132
249191
249247
249313
249568
249623
249649
249824
249877
249890
249920
249957
250098
250181
250204
250287
250361
250370
250397
250531
250874
250938
251012
251018
251093
251219
251322
251415
251555
251582
251630
251865
251928
251974
252000
252025
252033
252423
252485
252504
252510
252548
252619
252708
252951
252953
252957
253023
253137
253197
253232
253234
253332
253378
253383
253443
253450
253452
253488
253500
253587
253634
253642
253775
253792
253805
253819
253825
253899
254001
254143
254220
254247
254248
254404
254453
254503
254563
254618
254699
254727
254730
254861
254917
254919
255158
255161
255202
255244
255246
255292
255352
255401
255434
255458
255470
255481
255510
255572
255644
255720
255732
255775
255824
255876
255909
255955
256088
256131
256189
256217
256461
256477
256514
256561
256599
256716
256747
256759
256896
256956
257073
257143
257181
257189
257341
257431
257436
257453
257474
257567
257640
257649
257783
257863
257878
257896
257985
258011
258067
258080
258108
258271
258393
258417
258450
258472
258475
258532
258570
258608
258674
258733
258759
258806
258812
258951
258961
259007
259111
259200
259265
259297
259322
259525
259570
259577
259777
259844
259863
259880
259951
259982
260175
260224
260246
260574
260654
260787
260877
260955
260977
260986
261012
261035
261077
261264
261295
261362
261478
261492
261688
261738
261753
261816
261846
261944
261962
261978
262063
262085
262110
262203
262222
262235
262308
262373
262501
262522
262567
262593
262717
262791
262801
262870
262871
262959
262981
263146
263172
263174
263185
263418
263479
263525
263584
263606
263636
263747
263852
264086
264161
264186
264195
264218
264277
264349
264375
264384
264511
264557
264625
264635
264806
264879
264893
264940
265091
265107
265229
265440
265490
265510
265742
265789
265877
265884
266095
266099
266118
266200
266345
266444
266574
266756
266831
266871
266961
267101
267150
267182
267196
267216
267558
267565
267623
267654
267797
267868
267890
268065
268119
268226
268269
268298
268304
268401
268425
268469
268539
268600
268609
268804
268808
268971
268993
269036
269139
269288
269561
269898
269990
270073
270171
270446
270454
270684
270774
270810
270863
271901
272126
272210
272392
272497
272770
